city,name,total,s_year,s_month,s_day,s_quarter,s_hour,orders_count  
台中,UberEats,2,2021,4,17,2,22,1
台中,UberEats,537,2021,4,18,2,11,3
台中,UberEats,312,2021,4,18,2,12,2
台中,UberEats,127,2021,4,18,2,13,2
台中,UberEats,70,2021,4,18,2,14,1
台中,UberEats,325,2021,4,18,2,15,2
台中,UberEats,338,2021,4,18,2,16,1
台中,UberEats,443,2021,4,18,2,17,2
台中,UberEats,163,2021,4,18,2,18,1
台中,UberEats,112,2021,4,18,2,20,2
台中,UberEats,98,2021,4,18,2,21,1
台中,cash,638,2021,4,18,2,9,8
台中,cash,734,2021,4,18,2,10,10
台中,cash,335,2021,4,18,2,11,8
台中,cash,1267,2021,4,18,2,12,19
台中,cash,2574,2021,4,18,2,13,28
台中,cash,2131,2021,4,18,2,14,31
台中,cash,1977,2021,4,18,2,15,27
台中,cash,2026,2021,4,18,2,16,28
台中,cash,1389,2021,4,18,2,17,19
台中,cash,1227,2021,4,18,2,18,18
台中,cash,1490,2021,4,18,2,19,20
台中,cash,816,2021,4,18,2,20,15
台中,cash,839,2021,4,18,2,21,16
台中,easycard,62,2021,4,18,2,9,1
台中,easycard,110,2021,4,18,2,11,2
台中,easycard,53,2021,4,18,2,12,1
台中,easycard,467,2021,4,18,2,13,6
台中,easycard,320,2021,4,18,2,14,4
台中,easycard,105,2021,4,18,2,15,1
台中,easycard,157,2021,4,18,2,16,2
台中,easycard,135,2021,4,18,2,17,3
台中,easycard,105,2021,4,18,2,18,2
台中,easycard,268,2021,4,18,2,19,3
台中,easycard,47,2021,4,18,2,21,1
台中,linepay,128,2021,4,18,2,11,2
台中,linepay,182,2021,4,18,2,12,2
台中,linepay,380,2021,4,18,2,13,4
台中,linepay,153,2021,4,18,2,14,2
台中,linepay,431,2021,4,18,2,15,3
台中,linepay,61,2021,4,18,2,16,1
台中,linepay,141,2021,4,18,2,17,3
台中,linepay,124,2021,4,18,2,18,3
台中,linepay,182,2021,4,18,2,19,2
台中,linepay,147,2021,4,18,2,20,2
台中,linepay,65,2021,4,18,2,21,2
台中,national_credit_card,52,2021,4,18,2,10,1
台中,national_credit_card,52,2021,4,18,2,13,1
台中,national_credit_card,64,2021,4,18,2,14,1
台中,national_credit_card,58,2021,4,18,2,17,1
台中,national_credit_card,72,2021,4,18,2,18,1
台中,national_credit_card,125,2021,4,18,2,19,2
台中,national_credit_card,128,2021,4,18,2,20,2
台中,national_credit_card,91,2021,4,18,2,21,1
台中,UberEats,197,2021,4,26,2,10,2
台中,UberEats,544,2021,4,26,2,11,3
台中,UberEats,327,2021,4,26,2,12,2
台中,UberEats,702,2021,4,26,2,13,5
台中,UberEats,95,2021,4,26,2,14,1
台中,UberEats,106,2021,4,26,2,15,1
台中,UberEats,266,2021,4,26,2,16,2
台中,UberEats,397,2021,4,26,2,17,2
台中,UberEats,66,2021,4,26,2,18,1
台中,cash,515,2021,4,26,2,9,2
台中,cash,964,2021,4,26,2,10,2
台中,cash,1793,2021,4,26,2,11,2
台中,cash,2145,2021,4,26,2,12,5
台中,cash,1441,2021,4,26,2,13,3
台中,cash,138,2021,4,26,2,14,2
台中,cash,133,2021,4,18,2,9,4
台中,cash,1240,2021,4,18,2,10,18
台中,cash,2158,2021,4,18,2,11,26
台中,cash,3369,2021,4,18,2,12,44
台中,cash,2792,2021,4,18,2,13,40
台中,cash,1921,2021,4,18,2,14,31
台中,cash,1762,2021,4,18,2,15,27
台中,cash,1688,2021,4,18,2,16,28
台中,cash,2391,2021,4,18,2,17,28
台中,cash,2176,2021,4,18,2,18,33
台中,cash,1424,2021,4,18,2,19,28
台中,cash,1059,2021,4,18,2,20,16
台中,cash,1156,2021,4,18,2,21,19
台中,easycard,114,2021,4,18,2,10,2
台中,easycard,131,2021,4,18,2,11,3
台中,easycard,315,2021,4,18,2,12,3
台中,easycard,114,2021,4,18,2,13,3
台中,easycard,63,2021,4,18,2,14,1
台中,easycard,121,2021,4,18,2,15,2
台中,easycard,97,2021,4,18,2,17,2
台中,easycard,238,2021,4,18,2,18,5
台中,easycard,161,2021,4,18,2,19,2
台中,easycard,92,2021,4,18,2,20,2
台中,easycard,159,2021,4,18,2,21,2
台中,linepay,126,2021,4,18,2,10,2
台中,linepay,92,2021,4,18,2,11,3
台中,linepay,161,2021,4,18,2,12,3
台中,linepay,272,2021,4,18,2,13,3
台中,linepay,377,2021,4,18,2,14,5
台中,linepay,306,2021,4,18,2,15,5
台中,linepay,193,2021,4,18,2,16,2
台中,linepay,125,2021,4,18,2,17,2
台中,linepay,220,2021,4,18,2,18,1
台中,linepay,169,2021,4,18,2,19,3
台中,linepay,300,2021,4,18,2,20,3
台中,cash,1355,2021,4,26,2,17,2
台中,linepay,141,2021,4,18,2,21,3
台中,national_credit_card,54,2021,4,18,2,11,1
台中,national_credit_card,66,2021,4,18,2,13,1
台中,national_credit_card,79,2021,4,18,2,14,1
台中,national_credit_card,477,2021,4,18,2,15,2
台中,national_credit_card,159,2021,4,18,2,20,1
台中,national_credit_card,100,2021,4,18,2,21,1
南投,cash,2207,2021,4,26,2,10,6
南投,cash,2483,2021,4,26,2,11,7
南投,cash,2317,2021,4,26,2,12,7
南投,cash,660,2021,4,26,2,13,3
南投,cash,275,2021,4,26,2,14,3
南投,cash,1506,2021,4,26,2,15,4
南投,cash,384,2021,4,26,2,16,2
南投,cash,297,2021,4,26,2,17,2
南投,cash,513,2021,4,26,2,18,2
南投,cash,461,2021,4,26,2,20,2
南投,cash,149,2021,4,26,2,21,2
新竹,national_credit_card,297,2021,4,30,2,18,2
新竹,national_credit_card,65,2021,4,30,2,20,1
新竹,national_credit_card,59,2021,4,30,2,21,1
嘉義,cash,95,2021,5,1,2,9,1
嘉義,cash,244,2021,5,1,2,10,2
嘉義,cash,829,2021,5,1,2,11,3
嘉義,cash,498,2021,5,1,2,12,3
嘉義,cash,31,2021,5,1,2,13,1
嘉義,cash,218,2021,5,1,2,15,1
嘉義,cash,984,2021,5,1,2,16,4
嘉義,cash,569,2021,5,1,2,18,3
嘉義,cash,127,2021,5,1,2,19,1
桃園,easycard,87,2021,5,1,2,22,2
桃園,linepay,136,2021,4,30,2,17,3
桃園,linepay,247,2021,4,30,2,18,5
桃園,linepay,122,2021,4,30,2,19,3
桃園,linepay,207,2021,4,30,2,20,4
桃園,linepay,158,2021,4,30,2,21,4
桃園,linepay,142,2021,4,30,2,22,3
桃園,linepay,352,2021,5,1,2,11,4
新竹,cash,1124,2021,4,18,2,10,12
新竹,cash,2094,2021,4,18,2,11,21
新竹,cash,2484,2021,4,18,2,12,31
新竹,cash,2780,2021,4,18,2,13,31
新竹,cash,2003,2021,4,18,2,14,22
新竹,cash,1918,2021,4,18,2,15,25
新竹,cash,1304,2021,4,18,2,16,18
新竹,cash,962,2021,4,18,2,17,15
新竹,cash,1297,2021,4,18,2,18,19
新竹,cash,1289,2021,4,18,2,19,14
新竹,cash,739,2021,4,18,2,20,12
新竹,cash,301,2021,4,18,2,21,5
新竹,cash,191,2021,4,18,2,22,4
新竹,easycard,127,2021,4,18,2,10,1
新竹,easycard,351,2021,4,18,2,11,3
新竹,easycard,39,2021,4,18,2,12,1
新竹,easycard,136,2021,4,18,2,13,2
新竹,easycard,38,2021,4,18,2,14,1
新竹,easycard,75,2021,4,18,2,15,1
新竹,easycard,79,2021,4,18,2,17,1
新竹,easycard,155,2021,4,18,2,19,2
新竹,linepay,182,2021,4,18,2,10,2
新竹,linepay,56,2021,4,18,2,12,1
新竹,linepay,292,2021,4,18,2,14,4
新竹,linepay,60,2021,4,18,2,15,2
新竹,linepay,47,2021,4,18,2,19,1
新竹,linepay,95,2021,4,18,2,20,1
新竹,national_credit_card,117,2021,4,18,2,12,1
台中,cash,811,2021,4,18,2,9,15
台中,cash,578,2021,4,18,2,10,10
台中,cash,1566,2021,4,18,2,11,22
台中,cash,2809,2021,4,18,2,12,32
台中,cash,2043,2021,4,18,2,13,24
台中,cash,1396,2021,4,18,2,14,17
台中,cash,1228,2021,4,18,2,15,15
台中,cash,1111,2021,4,18,2,16,17
台中,cash,1413,2021,4,18,2,17,19
台中,cash,1042,2021,4,18,2,18,19
台中,cash,561,2021,4,18,2,19,9
台中,cash,647,2021,4,18,2,20,12
台中,cash,701,2021,4,18,2,21,10
台中,easycard,215,2021,4,18,2,9,2
台中,easycard,31,2021,4,18,2,11,1
台中,easycard,185,2021,4,18,2,12,2
台中,easycard,122,2021,4,18,2,13,1
台中,easycard,356,2021,4,18,2,14,5
台中,easycard,43,2021,4,18,2,15,1
台中,easycard,78,2021,4,18,2,17,1
台中,easycard,54,2021,4,18,2,19,1
台中,linepay,53,2021,4,18,2,9,1
台中,linepay,338,2021,4,18,2,11,2
台中,linepay,120,2021,4,18,2,12,1
台中,linepay,29,2021,4,18,2,13,1
台中,linepay,262,2021,4,18,2,14,2
台中,linepay,82,2021,4,18,2,15,2
台中,linepay,300,2021,4,18,2,16,2
台中,linepay,259,2021,4,18,2,17,2
台中,linepay,37,2021,4,18,2,18,1
台中,linepay,142,2021,4,18,2,21,2
台中,national_credit_card,104,2021,4,18,2,12,1
台中,national_credit_card,59,2021,4,18,2,15,1
台中,national_credit_card,72,2021,4,18,2,16,2
台中,cash,458,2021,4,26,2,9,7
台中,cash,692,2021,4,26,2,10,14
台中,cash,2165,2021,4,26,2,11,28
台中,cash,2043,2021,4,26,2,12,36
台中,cash,1854,2021,4,26,2,13,20
南投,cash,2039,2021,4,18,2,9,27
南投,cash,1896,2021,4,18,2,10,26
南投,cash,2153,2021,4,18,2,11,24
南投,cash,3094,2021,4,18,2,12,32
南投,cash,3028,2021,4,18,2,13,35
南投,cash,2973,2021,4,18,2,14,33
南投,cash,1666,2021,4,18,2,15,26
南投,cash,890,2021,4,18,2,16,11
南投,cash,1807,2021,4,18,2,17,19
南投,cash,1610,2021,4,18,2,18,21
南投,cash,1673,2021,4,18,2,19,22
南投,cash,2014,2021,4,18,2,20,18
南投,cash,598,2021,4,18,2,21,11
南投,easycard,96,2021,4,18,2,9,1
南投,easycard,228,2021,4,18,2,10,1
南投,easycard,340,2021,4,18,2,11,3
南投,easycard,186,2021,4,18,2,12,2
南投,easycard,266,2021,4,18,2,13,2
南投,easycard,97,2021,4,18,2,14,1
南投,easycard,236,2021,4,18,2,15,1
南投,easycard,85,2021,4,18,2,17,1
南投,easycard,250,2021,4,18,2,19,3
南投,linepay,118,2021,4,18,2,10,2
南投,linepay,555,2021,4,18,2,11,4
南投,linepay,36,2021,4,18,2,12,1
南投,linepay,126,2021,4,18,2,15,2
南投,linepay,157,2021,4,18,2,16,1
南投,linepay,89,2021,4,18,2,17,1
南投,linepay,133,2021,4,18,2,18,1
南投,linepay,192,2021,4,18,2,19,2
南投,linepay,172,2021,4,18,2,21,1
南投,national_credit_card,41,2021,4,18,2,14,1
南投,national_credit_card,70,2021,4,18,2,15,1
台中,Foodpanda,65,2021,4,18,2,10,1
台中,Foodpanda,196,2021,4,18,2,11,2
台中,Foodpanda,565,2021,4,18,2,12,4
台中,Foodpanda,815,2021,4,18,2,14,4
台中,Foodpanda,602,2021,4,18,2,16,4
台中,Foodpanda,217,2021,4,18,2,17,1
台中,Foodpanda,352,2021,4,18,2,18,2
台中,Foodpanda,54,2021,4,18,2,19,1
台中,Foodpanda,432,2021,4,18,2,20,3
台中,Foodpanda,108,2021,4,18,2,21,1
台中,cash,119,2021,4,18,2,9,2
台中,cash,960,2021,4,18,2,10,15
台中,cash,2328,2021,4,18,2,11,22
台中,cash,2854,2021,4,18,2,12,34
台中,cash,3000,2021,4,18,2,13,42
台中,cash,2673,2021,4,18,2,14,33
台中,cash,2442,2021,4,18,2,15,32
台中,cash,1446,2021,4,18,2,16,20
台中,cash,2261,2021,4,18,2,17,30
台中,cash,1684,2021,4,18,2,18,29
台中,cash,1611,2021,4,18,2,19,22
台中,cash,1418,2021,4,18,2,20,27
台中,cash,355,2021,4,18,2,21,7
台中,easycard,31,2021,4,18,2,9,1
台中,easycard,68,2021,4,18,2,10,1
台中,easycard,209,2021,4,18,2,11,3
台中,easycard,33,2021,4,18,2,12,1
台中,easycard,367,2021,4,18,2,13,3
台中,easycard,428,2021,4,18,2,14,6
台中,easycard,219,2021,4,18,2,15,2
台中,easycard,165,2021,4,18,2,16,2
台中,easycard,44,2021,4,18,2,17,1
台中,easycard,429,2021,4,18,2,18,5
台中,easycard,86,2021,4,18,2,19,2
台中,easycard,65,2021,4,18,2,21,1
台中,linepay,55,2021,4,18,2,10,1
台中,linepay,268,2021,4,18,2,11,4
台中,linepay,116,2021,4,18,2,12,3
台中,linepay,209,2021,4,18,2,13,3
台中,linepay,230,2021,4,18,2,14,4
台中,linepay,404,2021,4,18,2,15,6
台中,linepay,100,2021,4,18,2,16,1
台中,linepay,42,2021,4,18,2,17,1
台中,linepay,54,2021,4,18,2,18,1
台中,linepay,1148,2021,4,18,2,19,5
台中,national_credit_card,53,2021,4,18,2,10,1
台中,national_credit_card,120,2021,4,18,2,11,2
台中,national_credit_card,56,2021,4,18,2,14,1
台中,national_credit_card,123,2021,4,18,2,16,3
台中,national_credit_card,47,2021,4,18,2,17,1
台中,national_credit_card,99,2021,4,18,2,20,2
台中,cash,1007,2021,4,26,2,14,15
台中,cash,1497,2021,4,26,2,15,24
台中,cash,935,2021,4,26,2,16,15
台中,cash,1822,2021,4,26,2,17,30
台中,cash,1980,2021,4,26,2,18,34
台中,cash,2347,2021,4,26,2,19,36
台中,cash,1629,2021,4,26,2,20,26
台中,cash,789,2021,4,26,2,21,15
台中,easycard,68,2021,4,26,2,9,1
台中,easycard,198,2021,4,26,2,10,3
台中,easycard,260,2021,4,26,2,11,3
台中,easycard,242,2021,4,26,2,12,4
台中,easycard,89,2021,4,26,2,13,3
台中,easycard,49,2021,4,26,2,14,1
台中,easycard,328,2021,4,26,2,15,4
台中,easycard,94,2021,4,26,2,17,2
台中,easycard,252,2021,4,26,2,19,3
台中,easycard,33,2021,4,26,2,20,1
台中,easycard,104,2021,4,26,2,21,1
台中,linepay,113,2021,4,26,2,10,1
台中,linepay,175,2021,4,26,2,12,4
台中,linepay,124,2021,4,26,2,13,4
彰化,Foodpanda,281,2021,4,18,2,13,1
彰化,Foodpanda,343,2021,4,18,2,14,3
彰化,Foodpanda,321,2021,4,18,2,15,4
彰化,Foodpanda,109,2021,4,18,2,18,1
彰化,cash,2230,2021,4,18,2,10,26
彰化,cash,4292,2021,4,18,2,11,40
彰化,cash,4074,2021,4,18,2,12,47
彰化,cash,3559,2021,4,18,2,13,38
彰化,cash,3628,2021,4,18,2,14,35
彰化,cash,3590,2021,4,18,2,15,42
彰化,cash,3232,2021,4,18,2,16,28
彰化,cash,2030,2021,4,18,2,17,24
彰化,cash,1781,2021,4,18,2,18,24
彰化,cash,2977,2021,4,18,2,19,30
彰化,cash,2136,2021,4,18,2,20,28
彰化,cash,1418,2021,4,18,2,21,15
彰化,easycard,96,2021,4,18,2,10,2
彰化,easycard,301,2021,4,18,2,11,3
彰化,easycard,813,2021,4,18,2,12,5
彰化,easycard,363,2021,4,18,2,13,2
彰化,easycard,318,2021,4,18,2,14,4
彰化,easycard,232,2021,4,18,2,15,3
彰化,easycard,36,2021,4,18,2,16,1
彰化,easycard,84,2021,4,18,2,17,2
彰化,easycard,33,2021,4,18,2,19,1
彰化,easycard,60,2021,4,18,2,20,2
彰化,easycard,170,2021,4,18,2,21,2
彰化,linepay,377,2021,4,18,2,11,3
彰化,linepay,221,2021,4,18,2,12,4
彰化,linepay,261,2021,4,18,2,13,3
彰化,linepay,381,2021,4,18,2,14,4
彰化,linepay,40,2021,4,18,2,15,1
嘉義,cash,915,2021,4,30,2,9,14
彰化,linepay,118,2021,4,18,2,16,3
彰化,linepay,103,2021,4,18,2,18,1
彰化,linepay,122,2021,4,18,2,19,2
彰化,linepay,86,2021,4,18,2,20,2
彰化,linepay,36,2021,4,18,2,21,1
彰化,linepay,180,2021,4,18,2,12,1
彰化,linepay,222,2021,4,18,2,13,1
彰化,national_credit_card,5,2021,4,18,2,10,1
彰化,national_credit_card,97,2021,4,18,2,12,1
彰化,national_credit_card,353,2021,4,18,2,14,2
台中,linepay,162,2021,4,26,2,14,5
台中,linepay,144,2021,4,26,2,15,2
台中,linepay,326,2021,4,26,2,16,6
台中,linepay,95,2021,4,26,2,17,3
台中,linepay,525,2021,4,26,2,18,6
台中,linepay,229,2021,4,26,2,19,3
台中,linepay,176,2021,4,26,2,20,4
台中,linepay,256,2021,4,26,2,21,4
台中,national_credit_card,112,2021,4,26,2,12,1
台中,national_credit_card,64,2021,4,26,2,17,1
台中,national_credit_card,67,2021,4,26,2,18,2
嘉義,cash,1016,2021,4,30,2,10,13
嘉義,cash,3543,2021,4,30,2,11,36
嘉義,cash,3083,2021,4,30,2,12,38
嘉義,cash,2195,2021,4,30,2,13,29
嘉義,cash,1843,2021,4,30,2,14,20
嘉義,cash,1679,2021,4,30,2,15,20
嘉義,cash,2699,2021,4,30,2,16,29
嘉義,cash,2580,2021,4,30,2,17,37
嘉義,cash,2741,2021,4,30,2,18,30
嘉義,cash,2973,2021,4,30,2,19,27
嘉義,cash,2235,2021,4,30,2,20,23
嘉義,cash,917,2021,4,30,2,21,16
嘉義,easycard,258,2021,4,30,2,9,2
嘉義,easycard,37,2021,4,30,2,10,1
嘉義,easycard,193,2021,4,30,2,11,2
嘉義,easycard,177,2021,4,30,2,12,3
台中,cash,310,2021,4,18,2,9,6
台中,cash,661,2021,4,18,2,10,10
台中,cash,1936,2021,4,18,2,11,25
台中,cash,2884,2021,4,18,2,12,34
台中,cash,1683,2021,4,18,2,13,22
台中,cash,2043,2021,4,18,2,14,28
台中,cash,1778,2021,4,18,2,15,18
台中,cash,1830,2021,4,18,2,16,27
台中,cash,1433,2021,4,18,2,17,21
台中,cash,1384,2021,4,18,2,18,23
台中,cash,894,2021,4,18,2,19,15
台中,cash,777,2021,4,18,2,20,15
台中,cash,855,2021,4,18,2,21,15
台中,easycard,120,2021,4,18,2,11,2
台中,easycard,55,2021,4,18,2,12,1
台中,easycard,511,2021,4,18,2,13,4
台中,easycard,166,2021,4,18,2,14,2
台中,easycard,84,2021,4,18,2,15,2
台中,easycard,350,2021,4,18,2,17,2
台中,easycard,189,2021,4,18,2,18,4
台中,easycard,196,2021,4,18,2,19,4
台中,easycard,81,2021,4,18,2,20,1
台中,linepay,38,2021,4,18,2,10,1
台中,linepay,62,2021,4,18,2,11,1
台中,linepay,122,2021,4,18,2,12,2
台中,linepay,100,2021,4,18,2,13,2
台中,linepay,465,2021,4,18,2,14,5
台中,linepay,364,2021,4,18,2,15,5
台中,linepay,148,2021,4,18,2,16,2
台中,linepay,216,2021,4,18,2,17,5
台中,linepay,101,2021,4,18,2,18,2
台中,linepay,125,2021,4,18,2,19,4
台中,linepay,65,2021,4,18,2,20,2
台中,national_credit_card,68,2021,4,18,2,11,1
台中,national_credit_card,34,2021,4,18,2,13,1
台中,national_credit_card,175,2021,4,18,2,17,1
台中,national_credit_card,202,2021,4,18,2,19,4
台中,national_credit_card,63,2021,4,18,2,21,1
嘉義,cash,677,2021,4,26,2,9,9
嘉義,cash,409,2021,4,26,2,10,8
嘉義,cash,2343,2021,4,26,2,11,19
嘉義,cash,1452,2021,4,26,2,12,24
嘉義,cash,1224,2021,4,26,2,13,15
嘉義,cash,748,2021,4,26,2,14,13
嘉義,cash,1330,2021,4,26,2,15,21
嘉義,cash,944,2021,4,26,2,16,12
嘉義,cash,1565,2021,4,26,2,17,25
嘉義,cash,2012,2021,4,26,2,18,30
嘉義,cash,1222,2021,4,26,2,19,19
嘉義,cash,848,2021,4,26,2,20,16
嘉義,cash,643,2021,4,26,2,21,12
嘉義,easycard,69,2021,4,26,2,10,1
嘉義,easycard,36,2021,4,26,2,14,1
嘉義,easycard,90,2021,4,26,2,15,2
嘉義,easycard,32,2021,4,26,2,16,1
嘉義,easycard,68,2021,4,26,2,17,1
嘉義,easycard,306,2021,4,26,2,18,2
嘉義,easycard,231,2021,4,26,2,19,3
嘉義,easycard,87,2021,4,26,2,20,2
嘉義,easycard,126,2021,4,26,2,21,2
嘉義,linepay,35,2021,4,26,2,9,1
嘉義,linepay,33,2021,4,26,2,11,1
嘉義,linepay,63,2021,4,26,2,12,1
嘉義,linepay,210,2021,4,26,2,13,5
嘉義,linepay,138,2021,4,26,2,14,2
嘉義,linepay,97,2021,4,26,2,15,1
嘉義,linepay,404,2021,4,26,2,16,5
嘉義,linepay,150,2021,4,26,2,18,3
嘉義,linepay,28,2021,4,26,2,19,1
嘉義,linepay,50,2021,4,26,2,20,1
嘉義,easycard,64,2021,4,30,2,14,1
嘉義,easycard,206,2021,4,30,2,15,2
嘉義,UberEats,122,2021,4,18,2,15,1
嘉義,cash,757,2021,4,18,2,9,10
嘉義,cash,1464,2021,4,18,2,10,22
嘉義,cash,2389,2021,4,18,2,11,28
嘉義,cash,2811,2021,4,18,2,12,47
嘉義,cash,3292,2021,4,18,2,13,36
嘉義,cash,2012,2021,4,18,2,14,27
嘉義,cash,1957,2021,4,18,2,15,27
嘉義,cash,1847,2021,4,18,2,16,28
嘉義,cash,1052,2021,4,18,2,17,17
嘉義,cash,1322,2021,4,18,2,18,24
嘉義,cash,999,2021,4,18,2,19,16
嘉義,cash,1896,2021,4,18,2,20,25
嘉義,cash,500,2021,4,18,2,21,11
嘉義,easycard,128,2021,4,18,2,9,1
嘉義,easycard,412,2021,4,18,2,10,6
嘉義,easycard,87,2021,4,18,2,11,1
嘉義,easycard,411,2021,4,18,2,12,5
嘉義,easycard,323,2021,4,18,2,13,3
嘉義,easycard,216,2021,4,18,2,14,2
嘉義,easycard,159,2021,4,18,2,15,2
嘉義,easycard,81,2021,4,18,2,16,2
嘉義,easycard,31,2021,4,18,2,18,1
嘉義,easycard,191,2021,4,18,2,19,2
嘉義,easycard,38,2021,4,18,2,20,1
嘉義,easycard,37,2021,4,18,2,21,1
嘉義,linepay,340,2021,4,18,2,10,4
嘉義,linepay,99,2021,4,18,2,11,2
嘉義,linepay,82,2021,4,18,2,12,1
嘉義,linepay,485,2021,4,18,2,13,4
嘉義,linepay,243,2021,4,18,2,14,3
嘉義,linepay,113,2021,4,18,2,16,1
嘉義,linepay,97,2021,4,18,2,18,2
嘉義,linepay,185,2021,4,18,2,19,2
嘉義,linepay,29,2021,4,18,2,20,1
嘉義,national_credit_card,31,2021,4,18,2,9,1
嘉義,national_credit_card,84,2021,4,18,2,13,1
嘉義,national_credit_card,92,2021,4,18,2,16,2
金門,cash,391,2021,4,26,2,13,2
金門,cash,258,2021,4,26,2,14,1
金門,cash,389,2021,4,26,2,16,2
嘉義,easycard,295,2021,4,30,2,16,3
嘉義,easycard,157,2021,4,30,2,17,2
嘉義,easycard,101,2021,4,30,2,18,2
嘉義,easycard,506,2021,4,30,2,19,3
嘉義,easycard,79,2021,4,30,2,21,1
嘉義,easycard,68,2021,4,30,2,22,1
嘉義,linepay,213,2021,4,30,2,10,2
嘉義,linepay,259,2021,4,30,2,11,2
嘉義,linepay,186,2021,4,30,2,12,2
嘉義,linepay,48,2021,4,30,2,13,1
嘉義,linepay,97,2021,4,30,2,14,1
嘉義,linepay,228,2021,4,30,2,15,1
嘉義,linepay,130,2021,4,30,2,16,2
嘉義,linepay,329,2021,4,30,2,17,2
嘉義,linepay,55,2021,4,30,2,18,1
嘉義,linepay,317,2021,4,30,2,19,3
嘉義,linepay,270,2021,4,30,2,20,4
嘉義,national_credit_card,254,2021,4,30,2,14,1
嘉義,national_credit_card,93,2021,4,30,2,15,1
嘉義,national_credit_card,36,2021,4,30,2,16,1
嘉義,national_credit_card,67,2021,4,30,2,19,1
台中,cash,372,2021,5,1,2,9,2
台中,cash,3893,2021,5,1,2,10,9
台中,cash,2143,2021,5,1,2,11,6
台中,cash,1563,2021,5,1,2,12,4
台中,cash,840,2021,5,1,2,13,5
台中,cash,2191,2021,5,1,2,14,7
彰化,cash,730,2021,4,18,2,10,3
彰化,cash,545,2021,4,18,2,11,2
彰化,cash,342,2021,4,18,2,13,2
彰化,cash,183,2021,4,18,2,14,1
彰化,cash,175,2021,4,18,2,15,1
彰化,cash,94,2021,4,18,2,16,1
彰化,cash,54,2021,4,18,2,19,1
彰化,cash,219,2021,4,18,2,20,1
新竹,cash,726,2021,4,18,2,10,11
新竹,cash,1244,2021,4,18,2,11,14
新竹,cash,2837,2021,4,18,2,12,31
新竹,cash,2557,2021,4,18,2,13,38
新竹,cash,3549,2021,4,18,2,14,26
新竹,cash,1989,2021,4,18,2,15,25
新竹,cash,1673,2021,4,18,2,16,19
新竹,cash,1448,2021,4,18,2,17,22
新竹,cash,1337,2021,4,18,2,18,26
新竹,cash,1878,2021,4,18,2,19,27
新竹,cash,1692,2021,4,18,2,20,19
新竹,cash,654,2021,4,18,2,21,11
新竹,easycard,388,2021,4,18,2,12,4
新竹,easycard,64,2021,4,18,2,13,1
新竹,easycard,189,2021,4,18,2,15,3
新竹,easycard,477,2021,4,18,2,16,4
新竹,easycard,171,2021,4,18,2,18,3
新竹,easycard,81,2021,4,18,2,19,2
新竹,easycard,277,2021,4,18,2,20,4
新竹,linepay,121,2021,4,18,2,11,3
新竹,linepay,64,2021,4,18,2,12,1
新竹,linepay,161,2021,4,18,2,13,2
新竹,linepay,108,2021,4,18,2,14,1
新竹,linepay,208,2021,4,18,2,15,2
新竹,linepay,225,2021,4,18,2,16,2
新竹,linepay,117,2021,4,18,2,17,2
新竹,linepay,162,2021,4,18,2,18,2
新竹,linepay,59,2021,4,18,2,20,1
新竹,linepay,40,2021,4,18,2,21,1
新竹,national_credit_card,56,2021,4,18,2,13,1
新竹,national_credit_card,93,2021,4,18,2,16,1
新竹,national_credit_card,63,2021,4,18,2,17,1
台中,UberEats,128,2021,4,26,2,11,1
台中,UberEats,124,2021,4,26,2,17,1
台中,UberEats,532,2021,4,26,2,18,3
台中,UberEats,210,2021,4,26,2,19,2
台中,UberEats,295,2021,4,26,2,20,2
台中,UberEats,588,2021,4,26,2,21,4
台中,cash,223,2021,4,26,2,9,4
台中,cash,2049,2021,4,26,2,10,19
台中,cash,2760,2021,4,26,2,11,25
台中,cash,3014,2021,4,26,2,12,39
台中,cash,1990,2021,4,26,2,13,29
台中,cash,1690,2021,4,26,2,14,24
台中,cash,1502,2021,4,26,2,15,23
台中,cash,1569,2021,4,26,2,16,24
台中,cash,1713,2021,4,26,2,17,24
台中,cash,1687,2021,4,26,2,18,25
台中,cash,1443,2021,4,26,2,19,21
台中,cash,1425,2021,4,26,2,20,16
台中,cash,959,2021,4,26,2,21,15
台中,easycard,91,2021,4,26,2,10,1
台中,easycard,48,2021,4,26,2,11,1
台中,easycard,87,2021,4,26,2,12,1
台中,easycard,194,2021,4,26,2,13,1
台中,easycard,108,2021,4,26,2,14,1
台中,easycard,268,2021,4,26,2,15,2
台中,easycard,60,2021,4,26,2,16,2
台中,easycard,107,2021,4,26,2,17,1
台中,easycard,37,2021,4,26,2,18,1
台中,easycard,186,2021,4,26,2,19,1
台中,easycard,45,2021,4,26,2,20,1
台中,linepay,26,2021,4,26,2,9,1
台中,linepay,158,2021,4,26,2,13,2
台中,linepay,34,2021,4,26,2,15,1
嘉義,UberEats,77,2021,4,18,2,11,1
嘉義,UberEats,179,2021,4,18,2,13,2
嘉義,UberEats,123,2021,4,18,2,17,1
嘉義,UberEats,343,2021,4,18,2,18,2
嘉義,UberEats,59,2021,4,18,2,21,1
嘉義,cash,171,2021,4,18,2,9,1
嘉義,cash,636,2021,4,18,2,11,4
嘉義,cash,39,2021,4,18,2,13,1
嘉義,cash,128,2021,4,18,2,14,2
嘉義,cash,93,2021,4,18,2,15,1
嘉義,cash,155,2021,4,18,2,16,1
嘉義,cash,124,2021,4,18,2,17,1
嘉義,cash,163,2021,4,18,2,18,1
台中,cash,1073,2021,4,18,2,9,8
台中,cash,905,2021,4,18,2,10,14
台中,cash,1141,2021,4,18,2,11,16
台中,cash,1938,2021,4,18,2,12,16
台中,cash,996,2021,4,18,2,13,14
台中,cash,2424,2021,4,18,2,14,20
台中,cash,1293,2021,4,18,2,15,15
台中,cash,845,2021,4,18,2,16,12
台中,cash,1029,2021,4,18,2,17,12
台中,cash,1229,2021,4,18,2,18,15
台中,cash,959,2021,4,18,2,19,7
台中,cash,800,2021,4,18,2,20,12
台中,cash,788,2021,4,18,2,21,9
台中,easycard,205,2021,4,18,2,9,1
台中,easycard,60,2021,4,18,2,10,1
台中,easycard,272,2021,4,18,2,11,2
台中,easycard,110,2021,4,18,2,12,2
台中,easycard,58,2021,4,18,2,14,1
台中,easycard,298,2021,4,18,2,15,2
台中,easycard,39,2021,4,18,2,16,1
台中,easycard,36,2021,4,18,2,18,1
台中,easycard,102,2021,4,18,2,19,2
台中,easycard,68,2021,4,18,2,20,1
台中,linepay,241,2021,4,18,2,9,1
台中,linepay,87,2021,4,18,2,10,1
台中,linepay,187,2021,4,18,2,11,2
台中,linepay,93,2021,4,18,2,12,1
台中,linepay,35,2021,4,18,2,13,1
台中,linepay,51,2021,4,18,2,15,1
台中,linepay,106,2021,4,18,2,16,3
台中,linepay,178,2021,4,18,2,17,3
台中,linepay,80,2021,4,18,2,19,1
台中,linepay,39,2021,4,26,2,16,1
台中,linepay,82,2021,4,26,2,18,2
台中,linepay,179,2021,4,26,2,19,1
台中,linepay,375,2021,4,26,2,20,4
雲林,cash,652,2021,4,30,2,9,3
雲林,cash,2550,2021,4,30,2,10,14
雲林,cash,1751,2021,4,30,2,11,11
雲林,cash,1602,2021,4,30,2,12,9
雲林,cash,1938,2021,4,30,2,13,13
雲林,cash,564,2021,4,30,2,14,3
雲林,cash,351,2021,4,30,2,15,5
雲林,cash,1155,2021,4,30,2,16,7
雲林,cash,793,2021,4,30,2,17,6
雲林,cash,1026,2021,4,30,2,18,8
雲林,cash,511,2021,4,30,2,19,4
雲林,cash,292,2021,4,30,2,20,2
雲林,cash,324,2021,4,30,2,21,2
台中,cash,481,2021,5,1,2,15,2
台中,cash,611,2021,5,1,2,16,5
台中,cash,1050,2021,5,1,2,17,5
台中,cash,1422,2021,5,1,2,18,6
台中,cash,2158,2021,5,1,2,19,3
台中,cash,115,2021,5,1,2,20,1
台中,cash,123,2021,5,1,2,21,1
桃園,linepay,245,2021,5,1,2,12,5
桃園,linepay,796,2021,5,1,2,13,11
桃園,linepay,466,2021,5,1,2,14,6
桃園,linepay,201,2021,5,1,2,15,4
桃園,linepay,96,2021,5,1,2,16,2
桃園,linepay,462,2021,5,1,2,17,6
桃園,linepay,324,2021,5,1,2,18,3
台中,cash,141,2021,4,18,2,9,1
台中,cash,550,2021,4,18,2,10,5
台中,cash,570,2021,4,18,2,11,4
台中,cash,1122,2021,4,18,2,12,8
台中,cash,617,2021,4,18,2,13,5
台中,cash,2065,2021,4,18,2,14,5
台中,cash,350,2021,4,18,2,15,3
台中,cash,620,2021,4,18,2,16,4
台中,cash,278,2021,4,18,2,17,2
台中,cash,365,2021,4,18,2,18,3
台中,cash,237,2021,4,18,2,19,2
台中,cash,518,2021,4,18,2,20,2
台中,cash,187,2021,4,18,2,21,1
彰化,cash,587,2021,4,18,2,9,6
彰化,cash,1592,2021,4,18,2,10,18
彰化,cash,2163,2021,4,18,2,11,24
彰化,cash,1819,2021,4,18,2,12,25
彰化,cash,2304,2021,4,18,2,13,19
彰化,cash,1909,2021,4,18,2,14,19
彰化,cash,1816,2021,4,18,2,15,20
彰化,cash,1116,2021,4,18,2,16,10
彰化,cash,1320,2021,4,18,2,17,14
彰化,cash,1242,2021,4,18,2,18,10
彰化,cash,1276,2021,4,18,2,19,14
彰化,cash,835,2021,4,18,2,20,10
彰化,cash,690,2021,4,18,2,21,9
彰化,cash,32,2021,4,18,2,22,1
彰化,easycard,108,2021,4,18,2,9,1
彰化,easycard,99,2021,4,18,2,13,1
彰化,easycard,83,2021,4,18,2,15,1
彰化,easycard,125,2021,4,18,2,16,2
彰化,easycard,68,2021,4,18,2,17,1
彰化,easycard,270,2021,4,18,2,18,4
彰化,linepay,160,2021,4,18,2,9,2
彰化,linepay,57,2021,4,18,2,11,1
彰化,linepay,56,2021,4,18,2,12,1
彰化,linepay,281,2021,4,18,2,13,1
彰化,linepay,118,2021,4,18,2,14,1
彰化,linepay,211,2021,4,18,2,15,1
彰化,linepay,38,2021,4,18,2,21,1
彰化,national_credit_card,53,2021,4,18,2,12,1
彰化,national_credit_card,256,2021,4,18,2,16,1
彰化,national_credit_card,307,2021,4,18,2,19,1
雲林,Foodpanda,161,2021,4,26,2,10,2
雲林,Foodpanda,785,2021,4,26,2,11,3
雲林,Foodpanda,805,2021,4,26,2,12,5
雲林,Foodpanda,73,2021,4,26,2,13,1
雲林,Foodpanda,561,2021,4,26,2,14,4
雲林,Foodpanda,156,2021,4,26,2,15,1
雲林,Foodpanda,98,2021,4,26,2,16,1
雲林,Foodpanda,193,2021,4,26,2,17,2
雲林,Foodpanda,292,2021,4,26,2,18,2
雲林,Foodpanda,406,2021,4,26,2,19,2
雲林,Foodpanda,272,2021,4,26,2,21,2
雲林,cash,1859,2021,4,26,2,9,7
雲林,cash,1323,2021,4,26,2,10,8
雲林,cash,1556,2021,4,26,2,11,11
雲林,cash,1904,2021,4,26,2,12,13
雲林,cash,1077,2021,4,26,2,13,8
雲林,cash,1238,2021,4,26,2,14,11
雲林,cash,1162,2021,4,26,2,15,9
雲林,cash,446,2021,4,26,2,16,4
雲林,cash,723,2021,4,26,2,17,6
雲林,cash,1309,2021,4,26,2,18,11
雲林,cash,370,2021,4,26,2,19,6
雲林,cash,470,2021,4,26,2,20,4
雲林,cash,389,2021,4,26,2,21,2
新竹,cash,1141,2021,4,30,2,10,13
新竹,cash,2087,2021,4,30,2,11,22
新竹,UberEats,808,2021,4,18,2,13,8
新竹,UberEats,347,2021,4,18,2,18,3
新竹,UberEats,951,2021,4,18,2,19,7
新竹,UberEats,431,2021,4,18,2,20,3
新竹,UberEats,63,2021,4,18,2,21,1
新竹,cash,746,2021,4,18,2,9,10
新竹,cash,387,2021,4,18,2,10,8
新竹,cash,1115,2021,4,18,2,11,18
新竹,cash,2492,2021,4,18,2,12,21
新竹,cash,2498,2021,4,18,2,13,21
新竹,cash,1237,2021,4,18,2,14,18
新竹,cash,1639,2021,4,18,2,15,18
新竹,cash,1193,2021,4,18,2,16,15
新竹,cash,1870,2021,4,18,2,17,21
新竹,cash,1829,2021,4,18,2,18,23
新竹,cash,1544,2021,4,18,2,19,27
新竹,cash,1563,2021,4,18,2,20,22
新竹,cash,1059,2021,4,18,2,21,16
新竹,easycard,64,2021,4,18,2,9,2
新竹,easycard,77,2021,4,18,2,10,1
新竹,easycard,139,2021,4,18,2,11,2
新竹,easycard,198,2021,4,18,2,12,3
新竹,easycard,51,2021,4,18,2,13,1
新竹,easycard,184,2021,4,18,2,15,1
新竹,easycard,176,2021,4,18,2,16,2
新竹,easycard,188,2021,4,18,2,17,3
新竹,easycard,368,2021,4,18,2,18,5
新竹,easycard,60,2021,4,18,2,19,1
新竹,easycard,171,2021,4,18,2,20,3
新竹,linepay,494,2021,4,18,2,11,2
新竹,linepay,80,2021,4,18,2,12,2
新竹,linepay,158,2021,4,18,2,13,4
新竹,linepay,249,2021,4,18,2,14,3
新竹,linepay,126,2021,4,18,2,15,2
新竹,linepay,85,2021,4,18,2,16,2
新竹,linepay,107,2021,4,18,2,17,2
新竹,linepay,170,2021,4,18,2,18,3
新竹,linepay,317,2021,4,18,2,19,4
新竹,linepay,285,2021,4,18,2,20,4
新竹,linepay,50,2021,4,18,2,21,1
新竹,national_credit_card,81,2021,4,18,2,11,1
新竹,national_credit_card,98,2021,4,18,2,12,2
新竹,national_credit_card,93,2021,4,18,2,13,1
新竹,national_credit_card,172,2021,4,18,2,14,2
新竹,national_credit_card,61,2021,4,18,2,15,1
新竹,national_credit_card,119,2021,4,18,2,19,2
新竹,national_credit_card,122,2021,4,18,2,20,1
雲林,cash,699,2021,4,26,2,9,8
雲林,cash,1187,2021,4,26,2,10,13
雲林,cash,2274,2021,4,26,2,11,37
雲林,cash,1929,2021,4,26,2,12,34
雲林,cash,2151,2021,4,26,2,13,32
雲林,cash,1345,2021,4,26,2,14,20
雲林,cash,2127,2021,4,26,2,15,29
雲林,cash,1376,2021,4,26,2,16,21
雲林,cash,2523,2021,4,26,2,17,36
雲林,cash,1989,2021,4,26,2,18,34
雲林,cash,1949,2021,4,26,2,19,33
雲林,cash,1552,2021,4,26,2,20,28
雲林,cash,1092,2021,4,26,2,21,13
雲林,easycard,30,2021,4,26,2,10,1
雲林,easycard,93,2021,4,26,2,11,2
雲林,easycard,203,2021,4,26,2,12,4
雲林,easycard,99,2021,4,26,2,13,2
雲林,easycard,99,2021,4,26,2,14,2
雲林,easycard,235,2021,4,26,2,15,3
雲林,easycard,242,2021,4,26,2,17,1
雲林,easycard,53,2021,4,26,2,19,1
新竹,cash,1897,2021,4,30,2,12,31
苗栗,Foodpanda,71,2021,4,18,2,20,1
苗栗,cash,1131,2021,4,18,2,9,7
苗栗,cash,1205,2021,4,18,2,10,12
苗栗,cash,2215,2021,4,18,2,11,25
苗栗,cash,3729,2021,4,18,2,12,34
苗栗,cash,2519,2021,4,18,2,13,27
苗栗,cash,1953,2021,4,18,2,14,22
苗栗,cash,2062,2021,4,18,2,15,27
苗栗,cash,2139,2021,4,18,2,16,25
苗栗,cash,1889,2021,4,18,2,17,18
苗栗,cash,1711,2021,4,18,2,18,22
苗栗,cash,1620,2021,4,18,2,19,20
苗栗,cash,779,2021,4,18,2,20,12
苗栗,cash,867,2021,4,18,2,21,9
苗栗,easycard,30,2021,4,18,2,9,1
苗栗,easycard,202,2021,4,18,2,10,2
苗栗,easycard,96,2021,4,18,2,12,2
苗栗,easycard,251,2021,4,18,2,15,3
苗栗,easycard,115,2021,4,18,2,16,2
苗栗,easycard,169,2021,4,18,2,17,3
苗栗,easycard,228,2021,4,18,2,18,6
苗栗,linepay,306,2021,4,18,2,10,1
苗栗,linepay,159,2021,4,18,2,13,3
苗栗,linepay,294,2021,4,18,2,14,4
苗栗,linepay,101,2021,4,18,2,15,1
苗栗,linepay,113,2021,4,18,2,16,1
苗栗,linepay,388,2021,4,18,2,17,2
苗栗,linepay,445,2021,4,18,2,18,3
苗栗,linepay,200,2021,4,18,2,19,2
苗栗,linepay,62,2021,4,18,2,20,2
苗栗,national_credit_card,498,2021,4,18,2,12,3
苗栗,national_credit_card,31,2021,4,18,2,13,1
苗栗,national_credit_card,351,2021,4,18,2,18,1
台中,cash,391,2021,4,18,2,9,7
台中,cash,1918,2021,4,18,2,10,24
台中,cash,2363,2021,4,18,2,11,30
台中,cash,3092,2021,4,18,2,12,37
台中,cash,2941,2021,4,18,2,13,36
台中,cash,3367,2021,4,18,2,14,31
台中,cash,2992,2021,4,18,2,15,31
台中,cash,1926,2021,4,18,2,16,27
台中,cash,1453,2021,4,18,2,17,21
台中,cash,2189,2021,4,18,2,18,30
台中,cash,2460,2021,4,18,2,19,32
台中,cash,860,2021,4,18,2,20,14
台中,cash,1743,2021,4,18,2,21,24
台中,easycard,176,2021,4,18,2,11,2
台中,easycard,153,2021,4,18,2,12,3
台中,easycard,95,2021,4,18,2,13,2
台中,easycard,286,2021,4,18,2,14,2
台中,easycard,202,2021,4,18,2,15,3
台中,easycard,67,2021,4,18,2,16,2
台中,easycard,385,2021,4,18,2,17,6
台中,easycard,332,2021,4,18,2,18,7
台中,easycard,192,2021,4,18,2,19,4
台中,easycard,303,2021,4,18,2,20,3
台中,easycard,95,2021,4,18,2,21,1
台中,linepay,209,2021,4,18,2,9,2
台中,linepay,159,2021,4,18,2,10,2
台中,linepay,39,2021,4,18,2,11,1
台中,linepay,452,2021,4,18,2,12,5
台中,linepay,357,2021,4,18,2,13,5
台中,linepay,236,2021,4,18,2,14,4
台中,linepay,204,2021,4,18,2,15,2
台中,linepay,167,2021,4,18,2,17,3
台中,linepay,255,2021,4,18,2,18,3
台中,linepay,158,2021,4,18,2,19,4
台中,linepay,209,2021,4,18,2,20,3
台中,linepay,66,2021,4,18,2,21,1
台中,national_credit_card,56,2021,4,18,2,13,1
台中,national_credit_card,40,2021,4,18,2,14,1
台中,national_credit_card,93,2021,4,18,2,17,1
雲林,cash,742,2021,4,18,2,8,6
雲林,cash,1388,2021,4,18,2,9,14
雲林,cash,1775,2021,4,18,2,10,22
雲林,cash,2677,2021,4,18,2,11,28
雲林,cash,3709,2021,4,18,2,12,31
雲林,cash,1794,2021,4,18,2,13,18
雲林,cash,2887,2021,4,18,2,14,24
雲林,cash,1628,2021,4,18,2,15,18
雲林,cash,1686,2021,4,18,2,16,16
雲林,cash,2131,2021,4,18,2,17,25
雲林,cash,1354,2021,4,18,2,18,17
雲林,cash,891,2021,4,18,2,19,14
雲林,cash,439,2021,4,18,2,20,6
雲林,easycard,207,2021,4,18,2,12,2
雲林,easycard,320,2021,4,18,2,13,3
雲林,easycard,32,2021,4,18,2,18,1
雲林,easycard,100,2021,4,18,2,20,1
雲林,linepay,352,2021,4,18,2,10,1
雲林,linepay,236,2021,4,18,2,12,2
雲林,linepay,35,2021,4,18,2,14,1
雲林,linepay,118,2021,4,18,2,17,1
雲林,linepay,181,2021,4,18,2,18,1
雲林,linepay,216,2021,4,18,2,19,2
雲林,linepay,40,2021,4,18,2,20,1
雲林,national_credit_card,156,2021,4,18,2,11,1
雲林,national_credit_card,65,2021,4,18,2,15,1
雲林,national_credit_card,72,2021,4,18,2,17,1
彰化,Foodpanda,1210,2021,4,18,2,15,3
彰化,Foodpanda,1273,2021,4,18,2,16,7
彰化,Foodpanda,527,2021,4,18,2,17,4
彰化,Foodpanda,212,2021,4,18,2,18,2
彰化,Foodpanda,268,2021,4,18,2,19,3
彰化,Foodpanda,103,2021,4,18,2,20,1
彰化,cash,1377,2021,4,18,2,9,12
彰化,cash,3404,2021,4,18,2,10,38
彰化,cash,4733,2021,4,18,2,11,48
彰化,cash,5626,2021,4,18,2,12,46
彰化,cash,5061,2021,4,18,2,13,41
彰化,cash,3752,2021,4,18,2,14,30
彰化,cash,3774,2021,4,18,2,15,31
彰化,cash,1679,2021,4,18,2,16,24
彰化,cash,2384,2021,4,18,2,17,29
彰化,cash,2731,2021,4,18,2,18,40
彰化,cash,2890,2021,4,18,2,19,29
彰化,cash,1015,2021,4,18,2,20,20
彰化,cash,1036,2021,4,18,2,21,16
彰化,cash,66,2021,4,18,2,22,1
彰化,easycard,63,2021,4,18,2,9,1
彰化,easycard,301,2021,4,18,2,10,4
彰化,easycard,158,2021,4,18,2,11,2
彰化,easycard,399,2021,4,18,2,12,3
彰化,easycard,264,2021,4,18,2,13,4
彰化,easycard,149,2021,4,18,2,15,2
彰化,easycard,256,2021,4,18,2,16,3
彰化,easycard,190,2021,4,18,2,17,3
彰化,easycard,415,2021,4,18,2,18,4
彰化,easycard,166,2021,4,18,2,19,3
彰化,linepay,67,2021,4,18,2,9,1
彰化,linepay,167,2021,4,18,2,10,2
彰化,linepay,86,2021,4,18,2,11,1
彰化,linepay,75,2021,4,18,2,12,1
彰化,linepay,433,2021,4,18,2,14,2
彰化,linepay,211,2021,4,18,2,15,2
彰化,linepay,182,2021,4,18,2,16,2
彰化,linepay,85,2021,4,18,2,17,1